[app/ui]
version = 6.6.3
modtime = 1507876356.980421200

[app/launcher]
version = 6.6.3
modtime = 1507876356.993094400
